spawns:
  default:
    world: 63bd7dd1-dbde-4ec1-837d-6c79aa9d1fcf
    world-name: world_cs_tmm
    x: 19.50435157153678
    y: 64.0
    z: 2.531221594629941
    yaw: 89.65933227539062
    pitch: -14.222701072692871